1.871452
1.871452
1.871452
2.056540
1.871452
2.867102
2.169591
2.372479
1.871452
1.871452
1.871452
1.871452
1.871452
1.871452
1.871452
1.871450
2.056540
2.729635
1.871452
1.871452
1.869395
1.871452
1.871452
1.871452
1.870744
1.880009
1.871452
1.871452
1.871412
1.871452
1.871452
1.871440
1.871389
1.871452
1.871452
1.871452
1.871452
1.871432
1.871445
2.056540
1.871452
1.871406
1.871388
1.871452
1.871452
1.871452
1.871452
2.355368
1.871451
1.871452
1.871452
1.871450
2.721006
1.871452
1.871412
2.768929
1.871398
1.871452
1.871452
1.871452
1.871452
1.871452
3.104308
1.871452
3.915535
1.871452
1.871452
1.871156
1.871131
1.871452
1.871391
1.871452
1.871452
1.871452
1.871452
1.871452
1.871427
1.871452
1.918175
1.871452
1.871452
2.954908
1.921967
1.871452
1.871452
1.871452
1.891038
3.657307
1.871420
1.871449
1.871452
1.871452
1.871452
1.871452
1.871443
1.871452
1.871452
1.872701
1.871452
1.871452
1.871452
1.871452
2.483504
3.915535
1.871452
1.871452
1.871409
1.871452
1.871452
1.871452
1.871452
1.871452
1.871452
2.056540
1.871450
1.871452
1.871452
1.871389
1.880009
1.871452
1.871452
1.871452
1.871851
1.871452
1.890259
1.871452
1.871452
1.871449
1.871452
1.871452
1.871452
1.871452
1.871452
1.871452
1.871452
1.871452
1.871452
1.871452
1.871449
1.550361
1.871400
1.871452
1.871452
1.871398
1.871452
1.871398
1.871452
1.871452
1.871452
2.056540
1.871452
1.871452
1.871394
1.871452
1.871452
1.871452
1.871447
1.871410
1.871452
1.871466
1.871452
1.871452
2.721006
1.871452
1.871451
1.871452
1.883753
1.958344
1.871450
1.890921
1.871451
1.871452
1.871452
1.871452
1.869200
1.871646
1.871388
2.949322
1.871452
4.151507
1.871452
1.871452
1.871452
1.871452
1.881735
1.871452
1.871452
1.871452
1.871452
1.871452
1.871452
1.871452
1.871452
1.871452
1.871452
1.871452
1.871452
1.871452
1.871447
1.871452
1.871452
1.871452
1.871452
1.871452
1.871452
1.871452
1.871368
1.871452
1.871452
1.871452
2.102044
1.871426
1.871452
1.871452
1.871452
1.871452
2.040343
1.871452
1.871452
1.908103
1.871452
2.056540
1.876009
1.871452
1.871430
1.871452
1.871452
1.871452
1.871452
1.871452
1.871452
1.871452
1.871452
1.871452
1.871452
1.871466
1.871452
1.871400
1.871452
1.871426
1.871452
1.871452
1.871451
1.871452
1.871452
1.871452
2.223859
1.871452
1.871451
1.871452
1.871452
1.871452
1.871452
1.983783
2.590652
1.871646
1.871452
1.871452
1.871452
1.871452
1.871452
1.871409
1.871452
1.871452
1.871452
1.871452
1.871452
1.871452
3.228501
1.871452
1.871452
1.871452
2.831867
1.871452
1.871452
1.871452
1.871452
1.871406
1.871452
2.553982
3.819217
1.871452
1.871452
1.871452
1.871398
1.870774
1.871452
1.871452
1.871452
1.871452
1.871452
1.871452
1.871881
1.871452
1.881735
1.871452
1.871452
1.871450
1.871430
1.871452
1.871452
1.871452
1.871452
1.871452
1.871452
1.871435
1.871452
1.871304
1.871451
1.871452
1.871452
1.871452
1.871265
2.040343
1.871398
1.871452
1.871452
1.871452
1.871452
1.871452
1.871452
1.871452
1.871388
1.871452
1.871452
1.871452
1.871449
1.871452
1.871452
1.872578
2.954908
1.871452
1.871387
1.871452
1.871452
1.871413
3.400529
1.871452
1.877688
1.871452
2.679417
1.871444
1.871388
1.871452
1.871264
1.871452
1.871450
1.872140
1.871452
1.871452
1.871452
2.831867
1.905940
1.871452
1.871452
1.871452
1.876653
1.871452
1.871452
1.871452
1.871452
1.871409
1.871452
1.871452
1.871431
1.871452
1.871452
1.871452
1.871452
1.873963
3.807112
1.871452
1.873248
1.871452
1.871452
1.871451
1.871452
1.871452
1.871452
1.871452
1.871452
1.871452
1.871452
1.871436
1.871452
1.871452
1.872895
3.284757
2.040343
1.871452
1.871452
2.844496
1.871452
1.871452
1.871452
1.880009
1.871452
1.871452
1.871452
1.871452
1.871452
1.939840
1.871452
1.871438
1.871452
1.871452
1.871452
1.870443
1.963175
1.871452
1.871452
1.871452
1.871408
1.871452
1.871452
1.871417
1.871452
1.871452
1.871452
1.871452
1.871409
1.871449
1.871452
1.871452
1.871409
1.871450
1.871452
1.871452
1.871452
1.871398
1.871424
1.871452
1.871452
3.211839
1.871449
1.871452
1.871466
1.938815
1.871452
1.869503
1.871452
1.871452
1.871452
1.871452
1.871452
1.871452
2.217211
1.871398
1.871393
1.871452
1.871452
1.871452
1.871418
1.871452
1.874922
1.871452
1.871394
1.871452
2.878758
1.871452
1.871452
1.891038
1.871409
1.871452
3.589543
1.871452
1.871452
1.871452
3.393594
1.871452
1.871452
1.871452
1.871452
3.796938
2.239911
1.871452
1.871452
1.871452
1.871452
1.871452
1.871452
1.871452
1.871452
1.871452
1.871449
1.871452
1.871452
1.871452
1.871452
1.891038
1.871452
1.871452
1.871452
2.759341
1.871452
1.871452
1.873972
1.871406
1.871452
1.871452
